time_sec,time_nsec,x,y,z,qx,qy,qz,qw
1778142386,630385711,0.0,0.0,0.219999998807908,-1.2538379197720252e-09,1.2653247161996763e-09,0.7071067811865698,0.7071067811865253
1778142386,911952612,0.0,0.0,0.219999998807908,-1.2538379197720252e-09,1.2653247161996763e-09,0.7071067811865698,0.7071067811865253
1778142387,166632293,0.0,0.0,0.219999998807908,7.65546540343538e-06,-7.231156254863825e-06,0.7071067283205507,0.7071068339741253
1778142387,431076236,0.0,0.0,0.2500000000000009,0.0005175253612508,-0.000493900615838,0.7071074377189023,0.7071057627768925
1778142387,695210401,0.0,0.0,0.33000001311302274,0.0005325861749531,-0.0004980875009413,0.707107263671106,0.7071059227049145
1778142387,946027097,0.0,0.0,0.46000000834465027,0.0001395456311852,-0.0001301997993681,0.7071069453073415,0.707106591309365
1778142388,215222758,0.0,-0.0038961595855653,0.6700000166893014,-0.0003387578506793,0.0003146594869336,0.707106745687319,0.7071066655293351
1778142388,478956894,0.0,-0.0038961595855653,0.9300000071525574,-0.0005639060742496,0.0005218911693913,0.7071074655631634,0.7071056793608621
1778142388,743397564,0.0,-0.0038961595855653,1.259999990463257,-0.0004934973904471,0.0004844266685457,0.7071082232586198,0.7071050009660278
1778142389,6702434,0.0,-0.0038961595855653,1.6399999856948861,-0.0003237896374863,0.000314700992355,0.707107416032161,0.7071060021778042
1778142389,259780131,0.0,-0.0038961595855653,2.059999942779542,-0.0002301249078339,0.0002246637700557,0.707108431301809,0.7071050579302993
1778142389,517179782,0.0,-0.0038961595855653,2.440000057220458,-0.0002082190696148,0.0002063115412622,0.7071085789206861,0.7071049226933264
1778142389,791713376,0.0,-0.0038961595855653,2.7499999999999996,-0.0001609243545621,0.0001470220693892,0.7071106104892573,0.7071029182667633
1778142390,45253268,0.0,-0.0038961595855653,2.990000009536743,-7.991489030974789e-05,4.068398119471911e-05,0.7071120285553213,0.7071015280925382
1778142390,301011893,0.0,0.0,3.160000085830688,-2.3760395908266016e-05,-3.294817589535453e-05,0.7071138029424456,0.707099758194085
1778142390,579557363,0.0,0.0,3.249999999999999,0.0002126183068257,-0.0002248563514266,0.707114973339296,0.7070985212206595
1778142390,841802970,0.0,0.0038961595855653,3.279999971389771,0.0003228822524513,-0.0003030818172986,0.7071171775515362,0.7070962459948521
1778142391,115503633,0.0,0.0038961595855653,3.2699999809265137,0.0004856458330577,-0.0004362720763651,0.7071202896865244,0.7070929710642342
1778142391,388092119,0.0,0.0038961595855653,3.249999999999999,0.0004318699168843,-0.0003825906706538,0.707122010613967,0.7070913160391765
1778142391,675955622,0.0,0.0038961595855653,3.230000019073486,0.0002825573240259,-0.0002523959158453,0.7071244826786289,0.7070889777490112
1778142391,944885277,0.0,0.0038961595855653,3.2200000286102304,0.0001465890849856,-0.0001290539921487,0.7071303578800539,0.7070831767346288
1778142392,211649782,0.0,0.0038961595855653,3.2200000286102304,1.1929144022787717e-05,3.599052895318882e-05,0.7071334258973121,0.7070801344551466
1778142392,472204051,0.0,0.0038961595855653,3.210000038146973,-9.238025491942466e-05,3.053272417383958e-05,0.7071351122758464,0.7070784422680892
1778142392,754843678,0.0,0.0038961595855653,3.210000038146973,-0.0001013021172986,2.980949402474754e-05,0.7071336089915452,0.7070799444786052
1778142393,29637330,0.0,0.0,3.2200000286102304,-6.954903421384753e-05,5.160040025876829e-05,0.7071317458279868,0.7070818103604378
1778142393,307125768,0.0,0.0,3.2200000286102304,-0.0002337835965293,0.000225070714544,0.7071297157380825,0.7070837714221578
1778142393,580801481,0.0,0.0,3.2200000286102304,-0.0001985288328682,0.000199112625966,0.7071244355564759,0.7070890704708991
1778142393,847332846,0.0,0.0,3.2200000286102304,-9.906277942163134e-05,0.0001010240766306,0.7071175575009617,0.7070959905519022
1778142394,118040651,0.0,0.0,3.2200000286102304,-2.845103517228337e-05,5.756545927892844e-05,0.7071127776168643,0.7071007817897811
1778142394,385115582,0.0,0.0,3.2200000286102304,3.596567199078585e-06,1.8622449465417026e-05,0.7071052605638215,0.7071083015516358
1778142394,656099159,0.0,0.0,3.2200000286102304,3.524160842248167e-05,4.821355071640054e-06,0.7070946556748453,0.7071189055956966
1778142394,935228516,0.0,0.0,3.2200000286102304,-2.8125324698240857e-06,9.29467427052614e-06,0.7070871349444333,0.7071264268161467
1778142395,203127919,0.0,0.0,3.2200000286102304,-2.716478884959024e-07,-5.821650798722942e-06,0.7070785216268266,0.7071350395929026
1778142395,469288413,0.0,0.0,3.2200000286102304,4.092066913322666e-05,-2.701351242659517e-06,0.7070703049308288,0.707143254371578
1778142395,752408530,0.0,0.0,3.2200000286102304,6.242019879101192e-05,-1.7568717032615725e-05,0.7070631668375523,0.7071503898724164
1778142396,18453973,0.0,0.0,3.2200000286102304,3.431384522686958e-05,-1.56369470452477e-05,0.7070576308933216,0.7071559270582191
1778142396,277139913,0.0,0.0,3.2200000286102304,5.910388621868471e-05,-2.470243554478066e-05,0.7070510537109173,0.707162501369241
1778142396,553950264,0.0,0.0,3.210000038146973,2.848540421474864e-05,-4.9821231905931845e-05,0.7070512367590789,0.7071623189225255
1778142396,837075936,0.0,0.0,3.2200000286102304,-1.610085107990597e-05,-3.440420100384413e-05,0.7070540039671833,0.7071595534468074
1778142397,104646811,0.0,0.0,3.2200000286102304,-3.9551628074966325e-05,5.268329049703691e-06,0.7070619677453027,0.7071515906621818
1778142397,376841165,0.0,0.0,3.2200000286102304,-2.0969974952250085e-05,-4.72543928189401e-06,0.707069123367622,0.7071444366733525
1778142397,646613484,0.0,0.0,3.2200000286102304,-7.661269050552742e-06,-1.7479979044716378e-05,0.7070719992937576,0.7071415611109869
1778142397,923112543,0.0,0.0,3.2200000286102304,-1.4706306696399052e-05,-3.598409868736136e-05,0.7070757830746106,0.7071377768711662
1778142398,201263537,0.0,0.0,3.2200000286102304,-3.0172017813234024e-06,-3.641534003921038e-05,0.7070810171788561,0.7071325433114598
1778142398,479849651,0.0,0.0,3.2200000286102304,-8.662318990376566e-07,1.6383036404810626e-05,0.7070860505401192,0.7071275110349065
1778142398,751465115,0.0,0.0,3.2200000286102304,-8.698062312477851e-07,-1.819373035362991e-06,0.7070893223909402,0.707124239548224
1778142399,23874755,0.0,0.0,3.2200000286102304,-3.3098545940915875e-05,4.643888088202674e-05,0.707097828909368,0.7071157310508475
1778142399,287621967,0.0,0.0,3.2200000286102304,-4.982815490071552e-05,6.153821353547631e-05,0.7071057643468862,0.707107793591337
1778142399,574568098,0.0,0.0,3.2200000286102304,-2.8815433389895363e-05,4.125192422035468e-05,0.7071140521432615,0.7070995083646193
1778142399,851742321,0.0,0.0,3.2200000286102304,-1.73510084653417e-06,1.2001076014231452e-05,0.707123724019787,0.707089837843362
1778142400,121239575,0.0,0.0,3.2200000286102304,2.778775309286706e-05,3.525032903725293e-06,0.7071305952669719,0.7070829657492768
1778142400,404120704,0.0,0.0,3.2200000286102304,5.854669835979041e-05,-3.7223026691393696e-05,0.7071371248819921,0.7070764327852828
1778142400,685118767,0.0,0.0,3.2200000286102304,-1.5747624941211878e-06,-2.746504863948387e-05,0.7071425975496212,0.7070709624740403
1778142400,960635394,0.0,0.0,3.2200000286102304,-1.0555006501669206e-05,1.945062992824882e-06,0.7071472153900611,0.7070663445893116
1778142401,274326371,0.0,0.0,3.2200000286102304,-8.883366553692521e-06,2.253181202302788e-05,0.7071483276059048,0.7070652319111548
1778142401,557945129,0.0,0.0,3.2200000286102304,2.4027674281940184e-05,3.4946236866173317e-06,0.7071467018226443,0.7070668578796596
1778142401,826963602,0.0,0.0,3.2200000286102304,3.633109151293764e-05,-2.2574581061825057e-05,0.7071444406582578,0.707069118415279
1778142402,105153250,0.0,0.0,3.210000038146973,2.4010223903498863e-05,-4.2365857354019016e-05,0.7071390113935839,0.7070745478334999
1778142402,375945903,0.0,0.0,3.2200000286102304,3.540842086821395e-05,-2.7870259682713872e-05,0.7071345048534943,0.7070790549967492
1778142402,658230673,0.0,0.0,3.2200000286102304,-3.453131592926394e-05,-7.775712864220344e-06,0.7071315663763075,0.7070819942420515
1778142402,929289091,0.0,0.0,3.2200000286102304,-3.439343311446187e-05,-7.705621641761897e-06,0.7071250451914649,0.7070885158314224
1778142403,189597310,0.0,0.0,3.2200000286102304,-1.935145403662256e-05,3.153014991552154e-05,0.7071177956104031,0.7070957656233384
1778142403,457603260,0.0,0.0,3.2200000286102304,1.2386410193768923e-06,7.172789149930688e-05,0.7071090593236702,0.7071044994030016
1778142403,716364092,0.0,0.0,3.2200000286102304,4.07620434295112e-05,1.27380941151444e-05,0.7071022228862778,0.7071113381678173
1778142403,982123243,0.0,0.0,3.210000038146973,5.111822855664597e-05,-2.15888544605771e-05,0.7070909378953236,0.7071226219455572
1778142404,251679489,0.0,0.0,3.2200000286102304,2.4405859415867296e-05,-4.186493944846003e-05,0.7070856727153744,0.7071278873671489
1778142404,520625189,0.0,0.0,3.2200000286102304,-3.3068897613948714e-05,-5.2627384243886576e-08,0.7070823182715935,0.7071312424819838
1778142404,789373960,0.0,0.0,3.2200000286102304,-3.1177867872292955e-05,2.594480133960232e-05,0.7070808902261357,0.7071326700357036
1778142405,58166504,0.0,0.0,3.2200000286102304,1.5642671294524885e-06,2.951232165921973e-05,0.7070751959925239,0.7071383643522036
1778142405,317368450,0.0,0.0,3.2200000286102304,3.080747510751616e-05,1.36730431772488e-05,0.7070673366810312,0.7071462226885896
1778142405,582476195,0.0,0.0,3.2200000286102304,1.835059127479256e-05,1.66063103053706e-05,0.7070591999740747,0.7071543587644126
1778142405,849430289,0.0,0.0,3.2200000286102304,5.38629470440105e-05,-6.379415923709056e-05,0.7070480543629611,0.7071654982043732
1778142406,126409305,0.0,0.0,3.210000038146973,2.1829473188439275e-06,-7.739936418588653e-05,0.7070437419673233,0.7071698105472392
1778142406,381365918,0.0,0.0,3.2200000286102304,-8.838805861018561e-05,-2.595402037454741e-05,0.7070455250650397,0.7071680260019131
1778142406,651294146,0.0,0.0,3.2200000286102304,-6.831012205376147e-05,2.5182688748746465e-05,0.7070486709191598,0.7071648829311372
1778142406,944239126,0.0,0.0,3.2200000286102304,-4.33913890961671e-05,3.188876523811061e-05,0.7070483772364109,0.7071651782629375
1778142407,220714634,0.0,0.0,3.2200000286102304,4.450950550187105e-05,8.639241549858992e-06,0.7070435902468943,0.707169965026124
1778142407,503029619,0.0,0.0,3.2200000286102304,7.599767647799149e-05,-3.824959748377307e-05,0.7070419657037879,0.7071715856106247
1778142407,776870848,0.0,0.0,3.2200000286102304,4.056829675666515e-05,-5.492455882564986e-05,0.7070393420271643,0.7071742106180773
1778142408,48499286,0.0,0.0,3.2200000286102304,6.261727600945577e-05,-0.0001207269413984,0.7070449053174468,0.7071686385641867
1778142408,315316943,0.0,0.0,3.210000038146973,1.117180052011329e-05,-5.639513488721725e-05,0.7070486779167691,0.7071648773453956
1778142408,575445743,0.0,0.0,3.2200000286102304,7.868683904363551e-05,-0.0001301443812883,0.7070589292478476,0.7071546135334964
1778142408,864124167,0.0,0.0,3.2200000286102304,0.0001272143169742,-0.0001727370764593,0.7070715630434988,0.7071419650350583
1778142409,134354922,0.0,0.0,3.2200000286102304,0.000127874844442,-9.009693051003204e-05,0.7070833705679911,0.7071301737281307
1778142409,416656407,0.0,-0.0038961595855653,3.2200000286102304,0.0001836357225911,-0.0001174208179162,0.7070955989616564,0.7071179296406852
1778142409,680825865,0.0,-0.0038961595855653,3.2200000286102304,5.275418594813796e-06,2.7373977685757636e-05,0.7071118940080169,0.7071016677785666
1778142409,950979455,0.0,-0.0038961595855653,3.2200000286102304,-4.624398763482681e-05,7.531026656764274e-05,0.7071286102502031,0.7070849459262117
1778142410,243995372,0.0,-0.0038961595855653,3.210000038146973,6.365637714210601e-05,2.0428948350739974e-05,0.7071460034079284,0.7070675536288721
1778142410,532932465,0.0,-0.0038961595855653,3.2200000286102304,1.012616479910945e-05,3.2340260823277613e-05,0.70716066006327,0.7070528973920188
1778142410,801835087,0.0,-0.0038961595855653,3.2200000286102304,-2.442153335081484e-06,3.8856675345119294e-05,0.7071777953915417,0.7070357587769898
1778142411,72743299,0.0,-0.0077923191711306,3.2200000286102304,-3.67784600285047e-05,4.522084043027659e-05,0.7071908042381659,0.7070227457468369
1778142411,335776904,0.0,-0.0077923191711306,3.2200000286102304,-0.0002404990244502,0.0001944517095805,0.7072028154352813,0.7070106662485109
1778142411,601185887,0.0,-0.0077923191711306,3.2200000286102304,-0.000411044779857,0.0003523573354749,0.7072116622862795,0.7070016772347676
1778142411,866686346,0.0,-0.0077923191711306,3.2200000286102304,-0.0003867448193323,0.0003455431509784,0.707220566760538,0.7069927870772652
1778142412,140942539,0.0,-0.0077923191711306,3.2200000286102304,-0.0002921917389193,0.0003109201322746,0.7072233105685249,0.7069901038495199
1778142412,414754543,0.0,-0.0077923191711306,3.2200000286102304,-0.0002516845005838,0.0002881497356781,0.7072255192655073,0.7069879196452196
1778142412,696277717,0.0,-0.0077923191711306,3.2200000286102304,-0.000260024932085,0.0002902962746183,0.707224727117277,0.706988708162302
1778142412,966962216,0.0,-0.0038961595855653,3.2200000286102304,-0.0002505680094486,0.0002403930233109,0.7072221372203155,0.7069913210587498
1778142413,227736370,0.0,-0.0038961595855653,3.2200000286102304,-9.052211089194282e-05,2.9102994966092446e-05,0.7072129259136053,0.7070006141294933
1778142413,480846389,0.0,-0.0038961595855653,3.210000038146973,-2.744426129957208e-05,-1.1840781974395772e-05,0.7072043343260206,0.7070092139548808
1778142413,761874735,0.0,0.0,3.2200000286102304,8.52890378901951e-05,-0.0001045545795156,0.7071937993052367,0.7070197394828128
1778142414,30651735,0.0,0.0038961595855653,3.2200000286102304,0.0002542236626719,-0.0002445449552613,0.7071808117366025,0.7070326548891883
1778142414,305739304,0.0,0.0038961595855653,3.2200000286102304,0.0003973823819145,-0.0003972876229921,0.7071631454665296,0.7070501891263952
1778142414,588062333,0.0,0.0077923191711306,3.2200000286102304,0.0004145791179567,-0.0004279699716478,0.7071485341663867,0.7070647746792291
1778142414,860497645,0.0,0.0077923191711306,3.2200000286102304,0.0004341087273909,-0.0004310142943679,0.7071392898745362,0.7070740063755897
1778142415,118001038,0.0,0.0077923191711306,3.2200000286102304,0.0003053932199943,-0.0002994018959829,0.7071288606938945,0.7070845716512565
1778142415,386430384,0.0,0.0077923191711306,3.2200000286102304,0.0002081658464133,-0.0001743504682387,0.7071202987701526,0.7070932112077619
1778142415,665381920,0.0,0.0077923191711306,3.2200000286102304,9.835954992686466e-05,-0.000106442113512,0.7071150374392737,0.7070985099848043
1778142415,953122371,0.0,0.0077923191711306,3.2200000286102304,5.154880156331865e-05,-8.33053344124357e-05,0.7071129868165574,0.7071005687158719
1778142416,217641653,0.0,0.0077923191711306,3.2200000286102304,4.853438929529741e-05,-1.816308977677907e-05,0.7071118950608728,0.7071016653762996
1778142416,483124985,0.0,0.0038961595855653,3.2200000286102304,-0.0001105654855677,9.41610209007735e-05,0.7071113988119403,0.707102148617296
1778142416,755871783,0.0,0.0038961595855653,3.2200000286102304,-0.0001992996560951,0.000211217339509,0.7071171591949925,0.7070963433923882
1778142417,24055369,0.0,0.0,3.2200000286102304,-0.0001582758725795,0.0001465385185108,0.7071239329044763,0.7070895961537806
1778142417,318277806,0.0,0.0,3.2200000286102304,-0.0002473722348403,0.0002336642649545,0.7071303119609506,0.7070831677490261
1778142417,583062075,0.0,0.0,3.2200000286102304,-0.0002152790265021,0.000228632609843,0.7071377259752015,0.7070757653071498
1778142417,856435870,0.0,0.0,3.210000038146973,-0.0001153334040296,0.0001320560876713,0.7071427229325986,0.7070708158755145
1778142418,131705524,0.0,0.0,3.2200000286102304,-6.534664910669359e-06,4.339215586781104e-05,0.7071501622942535,0.7070633960555658
1778142418,423754824,0.0,0.0,3.2200000286102304,8.818533256634866e-06,5.022798555217919e-06,0.7071576290510377,0.7070559295925041
1778142418,695445780,0.0,0.0,3.2200000286102304,1.1428066851454653e-05,-4.246365404165308e-06,0.7071597691181923,0.7070537891787814
1778142418,967481879,0.0,0.0,3.2200000286102304,1.799788443949626e-05,-2.5151364654419823e-05,0.7071632056248353,0.7070503515690322
1778142419,230950685,0.0,0.0,3.2200000286102304,1.3995027961484267e-05,-3.278398115006218e-05,0.7071662321730064,0.707047324302683
1778142419,512905088,0.0,0.0,3.2200000286102304,2.9941055548875863e-05,-3.817978680929916e-05,0.7071689384663076,0.7070446167776635
1778142419,790430447,0.0,0.0,3.2200000286102304,6.237358182456628e-05,-6.077797568519034e-05,0.7071693421870185,0.7070442092870527
1778142420,66883913,0.0,0.0,3.2200000286102304,3.687962724860449e-05,-2.5071586200576847e-05,0.7071678580183955,0.707045697672352
1778142420,318891752,0.0,0.0,3.2200000286102304,9.34811709062522e-06,-3.376811788690436e-05,0.7071658711284771,0.7070476854381387
1778142420,587460753,0.0,0.0,3.2200000286102304,-2.8088779527670146e-05,1.660719340468506e-05,0.7071659929778922,0.7070475636835285
1778142420,859133628,0.0,0.0,3.2200000286102304,-1.5410578705927363e-05,2.4197690408897494e-05,0.7071655441670229,0.7070480127402554
1778142421,158950735,0.0,0.0,3.2200000286102304,4.744363936595221e-05,-6.935532979906297e-05,0.707162376377776,0.7070511766305716
1778142421,421496790,0.0,0.0,3.2200000286102304,0.0001954489520256,-0.0001937454905079,0.7071637298778465,0.7070497743494755
1778142421,687285421,0.0,0.0,3.2200000286102304,0.0003695836390931,-0.0003577638340133,0.707164106089195,0.7070492645297375
1778142421,951753249,0.0,0.0,3.2200000286102304,0.000381767601056,-0.0003675292274766,0.7071631364742255,0.7070502228185079
1778142422,210233193,0.0,0.0,3.2200000286102304,0.0002706522466472,-0.0002754724624269,0.7071625662893584,0.707050886217769
1778142422,486688966,0.0,0.0,3.2200000286102304,0.0002517688479214,-0.0002867396917817,0.7071602843414819,0.7070531710153563
1778142422,751676742,0.0,-0.0038961595855653,3.2200000286102304,0.0002658026342635,-0.0002930719552095,0.7071584010970438,0.7070550468072915
1778142423,19483738,0.0,-0.0038961595855653,3.2200000286102304,6.741879111178574e-05,-5.071289831654155e-05,0.7071584514150433,0.7070551021491793
1778142423,281057923,0.0,-0.0038961595855653,3.2200000286102304,-4.1285956714647305e-05,6.788225331711979e-05,0.7071573537941942,0.7070562004977131
1778142423,537722855,0.0,-0.0077923191711306,3.2200000286102304,-0.0001164969952808,0.0001432980317192,0.7071575768084682,0.7070559577971884
1778142423,805792536,0.0,-0.0155846383422613,3.2200000286102304,-0.0002354463274485,0.0002237114015839,0.7071559827191581,0.7070575016381182
1778142424,64840393,0.0,-0.0194807972759008,3.210000038146973,-0.0004931964519549,0.0004677806877492,0.7071522713572361,0.7070609613412339
1778142424,348517527,0.0,-0.0194807972759008,3.2200000286102304,-0.0005475614014847,0.0005135639172673,0.7071492898530611,0.707063871435195
1778142424,610036491,0.0,-0.0194807972759008,3.2200000286102304,-0.0005967831957017,0.0006133329929823,0.7071453118296884,0.7070677305815545
1778142424,878066606,0.0,-0.0194807972759008,3.2200000286102304,-0.0004536219205521,0.0004772386560341,0.7071429171678033,0.7070703367910632
1778142425,148017707,0.0,-0.0194807972759008,3.2200000286102304,-0.0005350083455711,0.0005362090318586,0.7071382219864932,0.7070749332650149
1778142425,415510361,0.0,-0.0194807972759008,3.2200000286102304,-0.0003920068157429,0.0004130737333219,0.7071337934027323,0.7070795386154298
1778142425,700369787,0.0,-0.0155846383422613,3.2200000286102304,-0.0003045135776638,0.0003318564237687,0.7071298777860291,0.7070835403862197
1778142425,975483010,0.0,-0.0077923191711306,3.2200000286102304,-0.0001186551449488,0.0001131209873732,0.707124560192276,0.7070889827295284
1778142426,241945246,0.0,-0.0038961595855653,3.2200000286102304,0.0002552058423388,-0.0002226087536436,0.7071192446504889,0.7070942364071727
1778142426,526474118,0.0,-0.0038961595855653,3.210000038146973,0.0003582796075931,-0.0002337015600518,0.7071141866030679,0.7070992463042124
1778142426,783195049,0.0,0.0,3.2200000286102304,0.0001686779278706,-0.0002130357282926,0.7071018136328626,0.7071116964954346
1778142427,39775065,0.0,0.0038961595855653,3.2200000286102304,1.985080362847039e-05,-0.0001281383616003,0.7070965325286835,0.7071170178071081
1778142427,315010946,0.0,0.0038961595855653,3.2200000286102304,0.0001213500928975,-0.0001980419792595,0.7070942995025572,0.707119224504975
1778142427,595546504,0.0,0.0077923191711306,3.2200000286102304,0.0001765748896712,-0.0002016499025587,0.7070891296327927,0.7071243815014193
1778142427,864129811,0.0,0.0077923191711306,3.2200000286102304,0.0002026427364671,-0.000185732102759,0.7070860929868334,0.707127415353218
1778142428,134568732,0.0,0.0155846383422613,3.2200000286102304,0.0003005209830163,-0.0002909545541342,0.7070845957740345,0.707128842186243
1778142428,405034032,0.0,0.0155846383422613,3.2200000286102304,0.0004935944236327,-0.0005147930303004,0.7070858986692409,0.7071273034297239
1778142428,678690411,0.0,0.0155846383422613,3.2200000286102304,0.0005376464296624,-0.0004976909108186,0.7070899549069503,0.7071232275281029
1778142428,954909356,0.0,0.0155846383422613,3.2200000286102304,0.0003384627390223,-0.0003177762959728,0.707092593188233,0.7071208164942819
1778142429,219718158,0.0,0.0155846383422613,3.2200000286102304,0.0001458703466175,-0.0001507666521074,0.7070972763860437,0.7071162547408294
1778142429,483834871,0.0,0.0155846383422613,3.2200000286102304,-4.4980316858448896e-06,-4.470197825110879e-05,0.7071027372735651,0.7071108236491169
1778142429,779830311,0.0,0.0077923191711306,3.2200000286102304,-0.0002810757869473,0.0002819936722394,0.7071114747083854,0.7071019755393864
1778142430,44747316,0.0,0.0077923191711306,3.2200000286102304,-0.0003830090557289,0.0004464641839814,0.7071221776957873,0.7070911396592118
1778142430,333094473,0.0,0.0038961595855653,3.2200000286102304,-0.0003466279027029,0.0004120974160454,0.7071387651587595,0.7070745907148421
1778142430,604978124,0.0,0.0038961595855653,3.2200000286102304,-0.0002210467746263,0.0002609756977657,0.707154312134384,0.7070591643276783
1778142430,882526975,0.0,0.0038961595855653,3.2200000286102304,3.81576411199182e-05,3.700884447920353e-05,0.7071709425559356,0.7070426119965398
1778142431,155059883,0.0,0.0038961595855653,3.2200000286102304,0.0001587329843918,-0.0001682998531932,0.7071840199199455,0.7070294961660831
1778142431,439882920,0.0,0.0038961595855653,3.2200000286102304,0.0001258101516824,-0.0001341669982285,0.7071997454512077,0.7070137807742994
1778142431,712625472,0.0,0.0038961595855653,3.2200000286102304,4.5178432440765936e-05,-4.1863354309645807e-05,0.7072185494185941,0.7069949926022309
1778142431,982967208,0.0,0.0038961595855653,3.2200000286102304,-7.616989911920107e-05,6.903843482744979e-05,0.7072354566480514,0.7069780748309407
1778142432,246480668,0.0,0.0038961595855653,3.2200000286102304,-0.0001293519768805,1.5230711248293903e-05,0.7072440283918049,0.7069694953392425
1778142432,519452386,0.0,0.0038961595855653,3.2200000286102304,2.162766177087317e-05,-7.223666664165024e-05,0.7072590934947749,0.7069544320414559
1778142432,794539920,0.0,0.0038961595855653,3.2200000286102304,0.0001637978906575,-9.883858134699992e-05,0.7072784958748026,0.7069349989031967
1778142433,62638036,0.0,0.0038961595855653,3.2200000286102304,0.0001508010797613,-7.21389714054543e-05,0.7072980150439213,0.706915475831398
1778142433,336417165,0.0,0.0038961595855653,3.2200000286102304,2.844194619021841e-05,-2.1736094916752887e-05,0.7073126655805958,0.7069008359224582
1778142433,616731646,0.0,0.0038961595855653,3.210000038146973,-9.1382184791865e-05,-1.1661232484833545e-05,0.7073191173525455,0.7068943752364477
1778142433,899814751,0.0,0.0038961595855653,3.2200000286102304,-0.0001251027637355,-6.165305448742012e-05,0.7073238464239393,0.7068896355360169
1778142434,166050633,0.0,0.0038961595855653,3.2200000286102304,-4.118066089687333e-05,-8.975093826403337e-06,0.7073245191315242,0.7068889749168245
1778142434,435388211,0.0,0.0038961595855653,3.2200000286102304,1.6866143996215597e-05,2.146551669378727e-05,0.7073133752644322,0.706900126203696
1778142434,706576126,0.0,0.0,3.2200000286102304,9.312742125891298e-06,-1.5542718908698737e-05,0.7072907202486776,0.7069227940318541
1778142434,988910500,0.0,0.0,3.2200000286102304,-9.806984588102968e-05,0.0001140638949745,0.7072706206184711,0.7069428877792714
1778142435,263779085,0.0,0.0,3.210000038146973,-0.0001531563662946,0.0002677106598744,0.707252464068883,0.7069610010054467
1778142435,530294305,0.0,0.0,3.2200000286102304,-9.492877188146468e-05,0.0001707048031291,0.7072231711738385,0.706990345056577
1778142435,800158988,0.0,0.0,3.2200000286102304,-9.533403916078676e-05,0.0001213555333915,0.707192730020348,0.7070208050620737
1778142436,71035634,0.0,0.0,3.2200000286102304,-0.0001033365319422,0.0001092815288563,0.7071626531288485,0.707050888832534
1778142436,350303983,0.0,0.0,3.2200000286102304,-7.755052458448994e-05,5.455644202103975e-05,0.7071307659124925,0.7070827892895729
1778142436,622602931,0.0,0.0,3.210000038146973,-5.678297341548889e-05,4.263823477057316e-05,0.7071001342214586,0.7071134245237254
1778142436,873511667,0.0,0.0,3.2200000286102304,4.274240931127463e-05,-1.60857713557461e-05,0.7070726004859937,0.7071409587602098
1778142437,160731302,0.0,0.0038961595855653,3.2200000286102304,-3.5349989283206464e-06,2.240624138794297e-05,0.7070469125701427,0.7071666443706837
1778142437,432335954,0.0,0.0038961595855653,3.2200000286102304,0.0002174645850733,-0.00018131778288,0.707021959694347,0.7071915358253243
1778142437,706460635,0.0,0.0038961595855653,3.2200000286102304,0.000209945497945,-0.000217860075987,0.706996464376847,0.7072170160696875
1778142437,987779851,0.0,0.0038961595855653,3.2200000286102304,0.0001330381581215,-0.000117431956287,0.7069749639316063,0.7072385516107618
1778142438,260140757,0.0,0.0038961595855653,3.2200000286102304,-1.772327826621363e-05,-4.57855667699912e-05,0.706957715041638,0.7072558142091683
1778142438,535526300,0.0,0.0038961595855653,3.2200000286102304,-0.0001562596988761,3.850010202783862e-05,0.7069451613031219,0.7072683458283364
1778142438,804128071,0.0,0.0038961595855653,3.2200000286102304,-0.0001665236651306,9.504262490534035e-05,0.7069374404627294,0.7072760553763808
1778142439,62745203,0.0,0.0038961595855653,3.2200000286102304,-6.181233237867421e-05,0.0002033538260068,0.706940651371456,0.7072728400447443
1778142439,335834297,0.0,0.0038961595855653,3.2200000286102304,-8.619363560517294e-05,0.0001854924212634,0.7069409508091961,0.7072725431064101
1778142439,608712517,0.0,0.0038961595855653,3.2200000286102304,-0.0001148660355576,-2.05617393878214e-05,0.7069405958194029,0.7072729178793122
1778142439,893429748,0.0,0.0077923191711306,3.2200000286102304,0.0001079874683599,-0.000136950766046,0.7069556842734017,0.7072578243163667
1778142440,170260464,0.0,0.0077923191711306,3.2200000286102304,0.0004560190355462,-0.0004007242009825,0.7069828012372917,0.707230478854967
1778142440,443341944,0.0,0.0077923191711306,3.2200000286102304,0.0005465636214969,-0.0005719711946109,0.7070036325644148,0.7072094722625555
1778142440,705641183,0.0,0.0038961595855653,3.2200000286102304,0.0004882986327918,-0.0004784354170578,0.7070343432221261,0.7071788813082966
1778142440,958028259,0.0,0.0038961595855653,3.2200000286102304,0.0002132312052537,-0.0001781649345994,0.7070646526643949,0.7071488526062161
1778142441,222697254,0.0,0.0038961595855653,3.2200000286102304,7.461625385931266e-05,-4.752619620301413e-05,0.7070969997084032,0.7071165569954148
1778142441,492688284,0.0,0.0038961595855653,3.2200000286102304,3.5487688267907166e-05,2.706767431232844e-05,0.707131645250794,0.7070819148393418
1778142441,762937202,0.0,0.0,3.2200000286102304,-0.0001420785843605,0.000186917936568,0.7071584200090504,0.7070550996108184
1778142442,34067187,0.0,-0.0038961595855653,3.2200000286102304,-0.0002556385512232,0.0002897987245155,0.7071844534986379,0.7070289947346313
1778142442,308978256,0.0,-0.0038961595855653,3.2200000286102304,-0.0003725288260167,0.0003636393718883,0.7072033354318265,0.707010022095006
1778142442,574998448,0.0,-0.0038961595855653,3.2200000286102304,-0.0003015042620487,0.0002719505308759,0.7072172976717628,0.7069961308323676
1778142442,832156383,0.0,-0.0038961595855653,3.2200000286102304,-0.0001720666294067,0.000166786890236,0.7072314651387964,0.7069820346323092
1778142443,97347757,0.0,-0.0038961595855653,3.2200000286102304,-7.970954082703567e-05,9.015517480295452e-05,0.7072432858423585,0.7069702399318784
1778142443,360921441,0.0,-0.0038961595855653,3.2200000286102304,-4.902948658568655e-05,5.97080941179618e-05,0.7072487627566317,0.7069647668804058
1778142443,630279511,0.0,-0.0038961595855653,3.2200000286102304,-4.0398696146556574e-05,5.0711639048547176e-05,0.7072541547611042,0.7069593739172224
1778142443,914018196,0.0,-0.0038961595855653,3.2200000286102304,-5.2889893070721726e-05,3.778304122467404e-05,0.7072570678307752,0.7069564596059049
1778142444,187327600,0.0,-0.0038961595855653,3.2200000286102304,-7.647610834149898e-05,2.8672553740485427e-05,0.7072585340257652,0.7069549910546039
1778142444,452236832,0.0,-0.0038961595855653,3.210000038146973,-0.000100534033605,3.392272249146737e-05,0.7072553716355214,0.7069581515442462
1778142444,718156575,0.0,-0.0038961595855653,3.2200000286102304,-8.182529937246509e-05,-2.468718799167535e-05,0.7072518133347439,0.7069617141188621
1778142444,982877960,0.0,-0.0038961595855653,3.2200000286102304,-6.470965728214171e-06,1.0996102321163472e-05,0.7072570342018127,0.7069564961221224
1778142445,258027027,0.0,-0.0038961595855653,3.2200000286102304,5.198600591685956e-06,4.068779004823325e-05,0.7072585105503496,0.7069550180680376
1778142445,516897763,0.0,-0.0038961595855653,3.2200000286102304,-5.007876131488174e-05,3.830255241034572e-05,0.707251554503674,0.7069619754111028
1778142445,787790418,0.0,-0.0038961595855653,3.2200000286102304,-5.67511604753589e-05,3.866250213540956e-05,0.7072434586284335,0.7069700739860266
1778142446,62841177,0.0,-0.0038961595855653,3.2200000286102304,-8.122607986196272e-05,-2.053462862458681e-05,0.707230343287077,0.706983192526312
1778142446,338920461,0.0,-0.0038961595855653,3.2200000286102304,-1.685962693500725e-05,8.818971375445069e-06,0.7072246350109508,0.706988907460086
1778142446,604872704,0.0,-0.0038961595855653,3.2200000286102304,1.462516774751392e-05,5.475577114169929e-05,0.707222260515398,0.7069912807237444
1778142446,876654085,0.0,-0.0038961595855653,3.2200000286102304,-2.664752860692611e-06,4.314371829753565e-05,0.7072100140266071,0.7070035319515773
1778142447,150019204,0.0,-0.0038961595855653,3.2200000286102304,-2.55476870074082e-05,5.064468113835629e-05,0.7071970798141528,0.7070164687507403
1778142447,413310954,0.0,0.0,3.2200000286102304,-1.7413903433739315e-05,-1.5592467221153923e-05,0.7071787561320152,0.7070347985277718
1778142447,692125483,0.0,0.0,3.2200000286102304,0.0002703446764512,-0.0002669952493936,0.7071684569076748,0.707044997989598
1778142447,965515630,0.0,0.0,3.2200000286102304,0.0003234609483095,-0.0002820796450824,0.7071610636749485,0.7070523642745308
1778142448,232417911,0.0,0.0,3.2200000286102304,0.0001338377036994,-0.0001150514243589,0.7071536908384328,0.7070598463950707
1778142448,509100533,0.0,0.0,3.2200000286102304,-5.472228835288819e-05,1.914067782407289e-05,0.7071377988632611,0.707075759772549
1778142448,762963353,0.0,0.0,3.2200000286102304,-6.157339362029066e-05,9.178662493443678e-05,0.7071241018799852,0.7070894514305506
1778142449,23777135,0.0,0.0,3.2200000286102304,-1.3730990781007063e-05,1.773564872541643e-05,0.7071151778576081,0.7070983840600331
1778142449,300402554,0.0,0.0,3.2200000286102304,1.1247292922312856e-05,-9.67635827290198e-06,0.7071054924682268,0.7071080697468618
1778142449,586342692,0.0,0.0,3.2200000286102304,-2.475461806999718e-05,-4.016214729203411e-06,0.7070911530853209,0.7071224084976733
1778142449,860926422,0.0,0.0,3.2200000286102304,-3.2373305849729234e-05,-3.0827442388953417e-06,0.7070785166708571,0.7071350438247326
1778142450,134789387,0.0,0.0,3.2200000286102304,-2.279397563126947e-07,-5.611824392090841e-05,0.7070681923704133,0.7071453656701195
1778142450,404378857,0.0,0.0,3.210000038146973,-8.80246253346826e-05,9.053043345557582e-05,0.7070600917767308,0.7071534562402892
1778142450,659839278,0.0,0.0,3.210000038146973,-0.000179737031006,0.000231995977895,0.7070534481528901,0.7071600493011285
1778142450,938651656,0.0,0.0,3.210000038146973,-0.00033465777957,0.0003858228549683,0.7070476538052248,0.7071657191871098
1778142451,202228211,0.0,0.0,3.2200000286102304,-0.0004855950524587,0.0005472398130224,0.7070424195007919,0.7071707585530514
1778142451,462062206,0.0,0.0,3.2200000286102304,-0.000638393334958,0.0006659435995541,0.7070397979715444,0.7071731563467534
1778142451,720972994,0.0,0.0038961595855653,3.2200000286102304,-0.0005573195388113,0.0005767778194101,0.707037639563999,0.7071754612273018
1778142451,984380471,0.0,0.0077923191711306,3.2200000286102304,-0.0003097196381016,0.0003105607683121,0.7070375954002284,0.7071758241883117
1778142452,277434950,0.0,0.0194807972759008,3.2200000286102304,0.000121246383483,-0.0001297214345925,0.7070379437168519,0.7071755896637762
1778142452,555700360,0.0,0.0194807972759008,3.2200000286102304,0.0005421800996312,-0.0005348749785081,0.707037509917072,0.7071756355529812
1778142452,831255672,0.0,0.0233769588172435,3.2200000286102304,0.0005179314817185,-0.0005151743968766,0.7070398427280548,0.7071733359915438
1778142453,130359548,0.0,0.0233769588172435,3.2200000286102304,0.0004792044475662,-0.0005390182914494,0.7070453868145338,0.7071678024391844
1778142453,414555393,0.0,0.027273117750883,3.2200000286102304,0.0006204269352891,-0.000647971430411,0.707056049834834,0.707156939862294
1778142453,688909464,0.0,0.027273117750883,3.2200000286102304,0.0007344482315909,-0.0007677552074833,0.7070672394359876,0.7071455225440576
1778142453,954960125,0.0,0.027273117750883,3.2200000286102304,0.0007419289751143,-0.0007317166006165,0.7070764942939158,0.7071362989899743
1778142454,219568551,0.0,0.027273117750883,3.2200000286102304,0.0006906429536206,-0.0006861284720799,0.7070846735063359,0.707128218028717
1778142454,505628255,0.0,0.0233769588172435,3.2200000286102304,0.000605606278875,-0.0006136190566014,0.7070968478921839,0.7071161887650614
1778142454,768832722,0.0,0.0194807972759008,3.2200000286102304,0.0003277000047596,-0.0003578918816692,0.7071123919796706,0.7071010038423765
1778142455,34428150,0.0,0.0155846383422613,3.2200000286102304,0.0002566258271856,-0.0002783579979423,0.7071242785934283,0.7070891819874868
1778142455,304600882,0.0,0.0038961595855653,3.2200000286102304,1.073455112336956e-05,-1.5457863088681482e-05,0.7071340088536157,0.7070795522205677
1778142455,573879558,0.0,0.0,3.2200000286102304,-0.0004798071520252,0.0004775639096554,0.707142336936512,0.7070708995778129
1778142455,886730319,0.0,-0.0038961595855653,3.2200000286102304,-0.0007116540868047,0.000765470902751,0.7071556178631755,0.7070571686414816
1778142456,162271172,0.0,-0.0077923191711306,3.2200000286102304,-0.0006026785306234,0.0006382493111449,0.7071653493005415,0.7070476632908482
1778142456,431574381,0.0,-0.0077923191711306,3.2200000286102304,-0.0004604631728907,0.0004401745181116,0.7071693364947178,0.7070439333886407
1778142456,700328920,0.0,-0.0155846383422613,3.2200000286102304,-0.0003551099789882,0.0003591237051481,0.7071724211522924,0.7070409547463796
1778142456,974867403,0.0,-0.0155846383422613,3.2200000286102304,-0.0004643194552631,0.0004906115983769,0.7071724943365337,0.70704073925167
1778142457,245360365,0.0,-0.0155846383422613,3.2200000286102304,-0.0003264191586298,0.0003092878083215,0.7071722479196154,0.7070411653955538
1778142457,508649335,0.0,-0.0155846383422613,3.2200000286102304,-0.0001349187404364,0.0001309224100489,0.7071648246713935,0.7070487079429064
1778142457,778799154,0.0,-0.0155846383422613,3.2200000286102304,-5.294533257119506e-05,5.9735134943553615e-05,0.7071583900630174,0.7070551640374227
1778142458,47552313,0.0,-0.0155846383422613,3.210000038146973,-5.670685687427979e-05,8.073690800506153e-05,0.7071505177132792,0.7070630350709373
1778142458,318581979,0.0,-0.0155846383422613,3.2200000286102304,-0.0002128947852987,0.0002257760603124,0.7071454498000466,0.7070680423608968
1778142458,598111991,0.0,-0.0155846383422613,3.2200000286102304,-0.0002243532158307,0.0002033613697162,0.7071375481106883,0.7070759480860539
1778142458,870626956,0.0,-0.0077923191711306,3.2200000286102304,2.138108666813658e-07,-5.14349970296946e-06,0.7071306637366958,0.7070828978109983
1778142459,128627069,0.0,-0.0077923191711306,3.2200000286102304,0.000353903592375,-0.0003510414364265,0.7071230851277749,0.7070903011649463
1778142459,402107388,0.0,-0.0038961595855653,3.2200000286102304,0.0003841268787027,-0.000380760054573,0.7071193225765467,0.7070940327192752
1778142459,664587935,0.0,-0.0038961595855653,3.2200000286102304,0.0003939437708173,-0.0003967435050588,0.7071176861271061,0.7070956550348362
1778142459,955797255,0.0,-0.0038961595855653,3.2200000286102304,0.0001947852193805,-0.0002122646647574,0.7071177270680351,0.7070957764465619
1778142460,239363293,0.0,-0.0038961595855653,3.2200000286102304,-1.463033267543465e-05,1.3262470991049946e-05,0.7071195370802891,0.7070940247869573
1778142460,504797167,0.0,-0.0077923191711306,3.210000038146973,-0.0002538121876695,0.0002807091094081,0.7071208318495976,0.7070926289716944
1778142460,771409946,0.0,-0.0077923191711306,3.2200000286102304,-0.0002346009074104,0.0002676715886511,0.7071236147746491,0.7070898576152598
1778142461,43464984,0.0,-0.0077923191711306,3.2200000286102304,-0.0002415680768078,0.0001940976030731,0.7071261117942234,0.7070873821457772
1778142461,298772226,0.0,-0.0038961595855653,3.2200000286102304,-8.648556432401555e-05,5.055148293532762e-05,0.7071267765917538,0.7070867781197374
1778142461,562305777,0.0,-0.0038961595855653,3.2200000286102304,0.0001148936459278,-0.0001493386569073,0.7071305635628217,0.7070829729054025
1778142461,825567847,0.0,-0.0038961595855653,3.2200000286102304,0.0001475584964556,-0.0001447432350428,0.7071323264328875,0.7070812048057128
1778142462,93850583,0.0,-0.0038961595855653,3.2200000286102304,8.06829393537411e-05,-5.012490953747245e-05,0.7071341448431406,0.7070794100910567
1778142462,358367189,0.0,-0.0038961595855653,3.2200000286102304,4.496591273123517e-05,1.2961323789498794e-05,0.7071337655551829,0.7070797942395317
1778142462,641964665,0.0,-0.0038961595855653,3.2200000286102304,9.258034597607054e-05,-6.041982387023687e-05,0.7071342996874596,0.7070792529722892
1778142462,891060454,0.0,-0.0038961595855653,3.210000038146973,3.739500928387595e-05,-3.7246403414302616e-05,0.7071352256505932,0.7070783336083799
1778142463,162937664,0.0,-0.0038961595855653,3.2200000286102304,4.077659211473959e-05,-6.0782580511909134e-05,0.707136030958346,0.7070775264164634
1778142463,445993117,0.0,-0.0038961595855653,3.2200000286102304,8.956381934586908e-05,-0.0001179133682393,0.7071343235182906,0.7070792222778784
1778142463,726293303,0.0,-0.0038961595855653,3.2200000286102304,4.947364189145337e-05,-9.09184735686761e-05,0.7071339842982912,0.7070795694521329
1778142463,986305895,0.0,-0.0038961595855653,3.2200000286102304,0.0001570915694548,-0.0001496897994585,0.7071332531137933,0.7070802749730095
1778142464,255053415,0.0,-0.0038961595855653,3.2200000286102304,0.0002282090248777,-0.000221118811575,0.7071349429802232,0.7070785468697721
1778142464,524123287,0.0,-0.0038961595855653,3.2200000286102304,0.0001837169944237,-0.0002002828071852,0.707134278683527,0.7070792303876496
1778142464,791575667,0.0,-0.0038961595855653,3.2200000286102304,0.0001890043051053,-0.0001871654131558,0.707136461050266,0.7070770500446091
1778142465,50827406,0.0,-0.0038961595855653,3.2200000286102304,8.956497595266914e-05,-7.924968913615716e-05,0.7071388619568091,0.7070746888469639
1778142465,324163132,0.0,-0.0077923191711306,3.2200000286102304,-3.4176087480755976e-05,4.0049351713906645e-05,0.7071388532442759,0.7070747057139118
1778142465,598896213,0.0,-0.0077923191711306,3.2200000286102304,-0.0002616138662346,0.0002550079279679,0.7071411036927203,0.7070723626315648
1778142465,859918944,0.0,-0.0155846383422613,3.2200000286102304,-0.0003045812658121,0.000278594955722,0.7071401507212924,0.7070732895909524
1778142466,130859388,0.0,-0.0155846383422613,3.2200000286102304,-0.0005783899951059,0.0005580280598001,0.7071407129492111,0.7070723910317666
1778142466,413840332,0.0,-0.0155846383422613,3.2200000286102304,-0.0006272351359627,0.0006350807981909,0.7071412800362193,0.7070717172375101
1778142466,680892681,0.0,-0.0077923191711306,3.2200000286102304,-0.0003728204087684,0.0003724256298673,0.7071431308994361,0.7070702332341787
1778142466,945814640,0.0,-0.0077923191711306,3.2200000286102304,9.371769931337369e-05,-8.430281465461886e-05,0.7071445853670246,0.707068963748323
1778142467,213502353,0.0,-0.0077923191711306,3.2200000286102304,0.0002011181571269,-0.0002001996298531,0.7071409391154878,0.7070725646625395
1778142467,494917873,0.0,-0.0077923191711306,3.2200000286102304,6.719266771190126e-05,-8.884486208355147e-05,0.7071387605792545,0.7070747915731205
1778142467,762625245,0.0,-0.0038961595855653,3.2200000286102304,-4.919078732603565e-05,3.083171622394561e-05,0.7071359930789131,0.7070775657040542
1778142468,31067737,0.0,-0.0038961595855653,3.2200000286102304,6.254263751457572e-06,-1.5791107243435496e-06,0.7071329413701231,0.7070806200056884
1778142468,297077055,0.0,-0.0038961595855653,3.2200000286102304,9.068224925863898e-05,-6.245882194900155e-05,0.7071288160292155,0.7070847370837141
1778142468,564648524,0.0,-0.0038961595855653,3.2200000286102304,1.7735182552199857e-05,8.907904985578544e-06,0.707127109729042,0.7070864517810844
1778142468,834115527,0.0,-0.0038961595855653,3.2200000286102304,-0.0001028744539689,0.000117016447133,0.7071273268983043,0.707086217711572
1778142469,102163296,0.0,0.0,3.2200000286102304,-7.518310481922759e-05,8.563786619804761e-05,0.7071240868728944,0.7070894658936956
1778142469,354713193,0.0,0.0,3.2200000286102304,5.2824584126829786e-05,-5.920639956126614e-05,0.7071221651091434,0.7070913924773254
1778142469,649641014,0.0,0.0038961595855653,3.2200000286102304,0.0001044727782517,-0.0001065429339812,0.7071187320257454,0.7070948144006884
1778142469,925285989,0.0,0.0038961595855653,3.2200000286102304,0.0002442882357863,-0.0002483927956014,0.7071166228797064,0.7070968535296109
1778142470,178245412,0.0,0.0038961595855653,3.2200000286102304,0.0002047233870703,-0.0002148713839803,0.7071160079457016,0.7070974920232411
1778142470,446084004,0.0,0.0038961595855653,3.2200000286102304,0.0001310078132785,-0.0001514509556148,0.7071191050688312,0.7070944287336848
1778142470,699877170,0.0,0.0077923191711306,3.2200000286102304,0.0002164544755088,-0.000221400589561,0.7071198350964699,0.7070936592435123
1778142470,977276056,0.0,0.0077923191711306,3.2200000286102304,0.0002779538198517,-0.0002649608376824,0.7071231818634488,0.7070902758550286
1778142471,232543413,0.0,0.0038961595855653,3.2200000286102304,5.722914701373539e-05,-4.746362778668428e-05,0.7071254933059161,0.7070880646630189
1778142471,521410710,0.0,0.0038961595855653,3.2200000286102304,-8.664877071209323e-05,8.076324308216526e-05,0.7071284328976596,0.707085118890922
1778142471,812158969,0.0,0.0038961595855653,3.2200000286102304,-7.897261613192673e-05,8.283091985066878e-05,0.7071325695996405,0.7070809825711437
1778142472,67852385,0.0,0.0038961595855653,3.2200000286102304,-4.567006394886088e-05,5.353836492191227e-05,0.7071378136406467,0.7070757438686571
1778142472,333027870,0.0,0.0038961595855653,3.2200000286102304,-8.979508717981413e-06,1.7337210150398074e-05,0.7071434733491663,0.707070086850283
1778142472,605602957,0.0,0.0038961595855653,3.2200000286102304,1.1765673241267798e-05,-2.5497279952986293e-05,0.7071482202870515,0.7070653390997986
1778142472,878034827,0.0,0.0038961595855653,3.2200000286102304,-4.392702495412619e-06,2.4893090987980145e-06,0.7071499831829148,0.7070635765324861
1778142473,158755509,0.0,0.0038961595855653,3.2200000286102304,-3.845566583312373e-05,3.0980888612724634e-05,0.7071532776005561,0.7070602799904243
1778142473,420566114,0.0,0.0038961595855653,3.2200000286102304,-0.0001287694758135,0.000184224984129,0.7071539142440793,0.7070596092613795
1778142473,684184861,0.0,0.0038961595855653,3.2200000286102304,-0.0002445754836463,0.0002725432967311,0.7071576779458616,0.707055785935736
1778142473,951030617,0.0,0.0038961595855653,3.2200000286102304,-0.0002992061763774,0.000265971078552,0.7071593289320438,0.7070541162028765
1778142474,203750781,0.0,0.0038961595855653,3.2200000286102304,-0.0002883183412024,0.000254281327501,0.7071601177540519,0.7070533360869008
1778142474,472037363,0.0,0.0038961595855653,3.2200000286102304,-0.0003068318669045,0.0003046815334555,0.70716089825318,0.7070525277552754
1778142474,739623148,0.0,0.0077923191711306,3.2200000286102304,-0.0003411479304689,0.0003600387581205,0.707160911708095,0.7070524725523263
1778142475,35842844,0.0,0.0077923191711306,3.2200000286102304,-0.0002446743201281,0.000233835692192,0.7071590488965184,0.7070544286114879
1778142475,310038521,0.0,0.0155846383422613,3.210000038146973,2.601368290081276e-05,-5.512285863926213e-05,0.7071563965274315,0.7070571597368185
1778142475,588004023,0.0,0.0194807972759008,3.2200000286102304,0.0001867621590598,-0.0002251480603654,0.7071541347144071,0.7070593639748822
1778142475,866533993,0.0,0.0194807972759008,3.2200000286102304,0.0002410632539904,-0.0002407215379876,0.7071509974521335,0.7070624800851064
1778142476,160363445,0.0,0.0194807972759008,3.2200000286102304,7.510723796726789e-05,6.768389391174958e-06,0.7071452472636086,0.7070683089953766
1778142476,432564423,0.0,0.0233769588172435,3.2200000286102304,9.936282720470562e-07,1.269452381561242e-05,0.7071447687065732,0.7070687915109739
1778142476,705992379,0.0,0.0233769588172435,3.2200000286102304,0.000141459733634,-0.0001699385007836,0.7071405321836421,0.7070729940063368
1778142476,976903599,0.0,0.027273117750883,3.2200000286102304,0.0003567980447376,-0.0003218634950674,0.7071352375450958,0.707078160404553
1778142477,246706913,0.0,0.027273117750883,3.2200000286102304,0.0005769291026842,-0.0005803207881335,0.7071368512827017,0.7070762362988732
1778142477,504033098,0.0,0.027273117750883,3.2200000286102304,0.0006707778107287,-0.0007224426888326,0.7071374723858332,0.7070754014116636
1778142477,766318854,0.0,0.027273117750883,3.2200000286102304,0.0008028694248217,-0.0008270918174705,0.7071356687444461,0.7070769528906715
1778142478,47478365,0.0,0.027273117750883,3.2200000286102304,0.0007862477012526,-0.0008082567712114,0.707135495349154,0.7070771667596479
1778142478,325179844,0.0,0.0233769588172435,3.2200000286102304,0.000861356769795,-0.0008862593077556,0.7071380425289552,0.707074438384865
1778142478,599703275,0.0,0.0194807972759008,3.2200000286102304,0.0006745765524253,-0.0006425803073728,0.7071394359642877,0.7070735111295943
1778142478,858811129,0.0,0.0155846383422613,3.2200000286102304,0.0003708386049896,-0.0003237298976161,0.7071374524137699,0.7070759372736749
1778142479,123722357,0.0,0.0038961595855653,3.2200000286102304,-0.0001972832984104,0.0002208012146782,0.7071387943237034,0.70707470460238
1778142479,397891629,0.0,-0.0038961595855653,3.2200000286102304,-0.0006954069162085,0.0006950315519086,0.7071422367067596,0.7070706403222551
1778142479,657192260,0.0,-0.0077923191711306,3.2200000286102304,-0.000725201339509,0.0007100712082118,0.7071459526013146,0.7070668791574638
1778142479,921729039,0.0,-0.0155846383422613,3.2200000286102304,-0.0007846146756776,0.0007796075498058,0.7071488765516778,0.70706381818304
1778142480,179227216,0.0,-0.0194807972759008,3.2200000286102304,-0.0008344837629376,0.000846885827093,0.7071498934283681,0.7070626667032369
1778142480,464291172,0.0,-0.0233769588172435,3.2200000286102304,-0.000655950269323,0.000690892174857,0.7071532952855799,0.7070596222130014
1778142480,723886620,0.0,-0.0233769588172435,3.2200000286102304,-0.0005707635753657,0.000590180552852,0.7071560567922123,0.7070570254639618
1778142480,977491863,0.0,-0.0233769588172435,3.210000038146973,-0.0004224674322007,0.000452242985124,0.7071565437590319,0.7070567442690376
1778142481,249533552,0.0,-0.0233769588172435,3.2200000286102304,-0.0002940701699317,0.0002980818040584,0.7071608587301096,0.7070525755204259
1778142481,576963335,0.0,-0.0194807972759008,3.2200000286102304,-0.0001247738603273,0.0001138101348166,0.7071618081067105,0.7070517298147181
1778142481,867650430,0.0,-0.0194807972759008,3.2200000286102304,8.024027887384693e-05,-0.0001053970032555,0.7071619472139467,0.7070515984463571
1778142482,132627139,0.0,-0.0155846383422613,3.2200000286102304,0.0002342605394277,-0.0002411288040549,0.7071627400738344,0.7070507379461293
1778142482,400842159,0.0,-0.0077923191711306,3.2200000286102304,0.0002233015370165,-0.0002156891058141,0.7071641155742587,0.7070493739893342
1778142482,683933383,0.0,-0.0077923191711306,3.2200000286102304,0.0003396518737394,-0.0003290430674152,0.7071627667854193,0.707050633009868
1778142482,948583569,0.0,-0.0077923191711306,3.2200000286102304,0.0003791347124309,-0.000385689230343,0.7071620252264799,0.7070513259857949
1778142483,221948564,0.0,-0.0077923191711306,3.2200000286102304,0.0001952783387771,-0.0002144326297513,0.7071633946258177,0.7070501037312049
1778142483,486716498,0.0,-0.0077923191711306,3.2200000286102304,2.3503460814408213e-05,-3.782205562810135e-05,0.707164264167935,0.7070492921295535
1778142483,760159599,0.0,-0.0077923191711306,3.2200000286102304,-6.59949381061366e-05,5.523094178606831e-05,0.7071654158143547,0.7070481364591253
1778142484,30216783,0.0,-0.0077923191711306,3.2200000286102304,-0.0001193796554034,0.0001212709035685,0.7071668844977774,0.7070466522879328
1778142484,292665267,0.0,-0.0077923191711306,3.2200000286102304,-0.0001391534317639,0.0001626393349246,0.7071712586677866,0.707042265426182
1778142484,565949626,0.0,-0.0077923191711306,3.2200000286102304,-0.0002530270478061,0.0002450450216176,0.7071755016474407,0.7070379663072848
1778142484,839065955,0.0,-0.0077923191711306,3.2200000286102304,-0.000150769411305,0.0001264492081963,0.7071804202443376,0.7070331070764824
1778142485,113322064,0.0,-0.0038961595855653,3.2200000286102304,-2.029439025446336e-05,-1.4475150404373166e-05,0.7071841186565858,0.7070294348176147
1778142485,382217256,0.0,-0.0038961595855653,3.2200000286102304,0.0001225076439859,-8.444110226565516e-05,0.7071878159911678,0.7070257214382089
1778142485,635390468,0.0,-0.0038961595855653,3.2200000286102304,9.91019780552965e-05,-2.6639810539989192e-05,0.7071945230819211,0.7070190209549193
1778142485,907296472,0.0,-0.0038961595855653,3.210000038146973,-2.289050573584862e-06,3.7071079750594906e-05,0.7072048455038052,0.7070087022918702
1778142486,183417140,0.0,-0.0038961595855653,3.2200000286102304,2.0726711372622715e-05,1.9708807145557143e-05,0.707209392266323,0.7070041546357875
1778142486,459301614,0.0,-0.0038961595855653,3.2200000286102304,0.0001329373374956,-3.955655506850354e-05,0.7072183750416038,0.7069951561124423
1778142486,726819202,0.0,-0.0038961595855653,3.2200000286102304,7.144782181802121e-05,-9.09439475599462e-05,0.7072361374660624,0.7069773917788971
1778142486,993954794,0.0,-0.0038961595855653,3.2200000286102304,-8.223919856126224e-05,-3.224418071299554e-05,0.7072467038622211,0.7069668252987906
1778142487,261450569,0.0,-0.0038961595855653,3.2200000286102304,-0.0001129697099528,1.103515454528408e-05,0.7072438734750599,0.7069696532016517
1778142487,533120283,0.0,-0.0038961595855653,3.2200000286102304,-0.0001515126671359,3.663666078951752e-05,0.7072413404080646,0.706972179169358
1778142487,807966377,0.0,-0.0038961595855653,3.2200000286102304,-0.0001201832701955,8.01115398629463e-05,0.7072393162883638,0.7069742064842893
1778142488,71814861,0.0,0.0,3.2200000286102304,1.482838129447535e-07,1.890538284494784e-05,0.7072317389714418,0.7069818010627962
1778142488,323715977,0.0,0.0,3.2200000286102304,0.0001390115194862,-0.0002169374818021,0.7072231112252123,0.7069903850568673
1778142488,595167658,0.0,0.0,3.2200000286102304,0.0002532840085249,-0.0002514674940752,0.7072042421845273,0.7070092166637708
1778142488,860058087,0.0,0.0,3.2200000286102304,0.0002412889366236,-0.0001214929851498,0.7071825305292104,0.7070309721174922
1778142489,120989705,0.0,0.0,3.2200000286102304,0.0001542144081068,4.037613755466064e-05,0.7071626639160405,0.7070508760696453
1778142489,408053195,0.0,0.0,3.2200000286102304,-4.0780609029266e-06,9.889495542023528e-05,0.7071444746816186,0.7070690787542719
1778142489,756755267,0.0,0.0,3.2200000286102304,-0.000102202389895,3.9136935678151095e-05,0.7071293542913977,0.7070841988917604
1778142490,29374345,0.0,0.0,3.2200000286102304,-2.3571110671552264e-05,-3.914922954438676e-05,0.7071077465437707,0.7071058143513819
1778142490,296547240,0.0,0.0,3.2200000286102304,5.526177422297676e-05,-8.941693651809118e-05,0.7070851182976546,0.7071284355990357
1778142490,572527682,0.0,0.0,3.2200000286102304,7.384525225427062e-05,-6.629473850698508e-05,0.7070635316704103,0.7071500210942889
1778142490,870890969,0.0,0.0,3.2200000286102304,-4.44512287069557e-05,8.04261881444376e-05,0.7070464785162587,0.7071670727441107
1778142491,144788130,0.0,0.0,3.2200000286102304,-9.349100457941174e-05,0.0001396495396216,0.7070314460458232,0.7071820883335425
1778142491,416789888,0.0,0.0,3.2200000286102304,-3.687925990767738e-05,8.747620944620928e-05,0.7070152641045548,0.7071982800537621
1778142491,693693161,0.0,0.0,3.2200000286102304,1.9202966723151247e-05,2.698002326006856e-05,0.7070017018466728,0.7072118441381144
1778142491,969591036,0.0,0.0,3.2200000286102304,4.527650708548719e-05,-1.75449322103045e-05,0.7069855419265906,0.7072279979956806
1778142492,247081361,0.0,0.0,3.2200000286102304,4.7885757310485e-05,-3.842703960938221e-05,0.7069714865621871,0.7072420472641373
1778142492,524009373,0.0,0.0,3.210000038146973,7.272186715833897e-05,-5.510670840740858e-05,0.7069573011990281,0.7072562236956047
1778142492,792410363,0.0,0.0,3.2200000286102304,-4.918792902536632e-05,-0.000112186714264,0.7069620649976178,0.7072514571557931
1778142493,65724704,0.0,0.0,3.2200000286102304,-7.801745353646584e-05,-1.8771051472798883e-05,0.7069622968060938,0.7072512314980987
1778142493,345181777,0.0,0.0,3.2200000286102304,-4.029253484335241e-05,4.377701378528272e-05,0.7069644039189216,0.7072491272894217
1778142493,636625846,0.0,0.0,3.2200000286102304,-1.951929059457442e-05,4.06730238253455e-05,0.7069715122847219,0.7072420227776031
1778142493,903834255,0.0,0.0,3.210000038146973,-2.002612388330728e-07,2.890406115018623e-05,0.7069789653017611,0.7072345733809726
1778142494,177731109,0.0,0.0,3.2200000286102304,-9.102853655182808e-05,-3.4526929914640246e-06,0.7069997657574313,0.7072137745553473
1778142494,449629843,0.0,0.0,3.2200000286102304,-6.76790133491369e-05,1.5544458987850933e-05,0.7070249030969048,0.7071886463870396
1778142494,717127664,0.0,0.0,3.2200000286102304,-7.924683408841532e-06,2.2576489757918383e-05,0.7070522117722415,0.7071613459851172
1778142494,980823001,0.0,0.0,3.2200000286102304,1.8890400369347915e-05,-1.035345926475139e-06,0.707085826418687,0.7071277350803625
1778142495,277942383,0.0,0.0,3.2200000286102304,3.0142221136747616e-05,-7.825448945292033e-06,0.707121702629395,0.7070918587430591
1778142495,546964167,0.0,0.0,3.2200000286102304,3.131725949061155e-05,-1.9092074639863486e-06,0.7071545637389107,0.7070589947089386
1778142495,827820061,0.0,0.0,3.2200000286102304,5.270464595212812e-05,6.910495574873459e-06,0.7071830822747003,0.707030469865988
1778142496,82390814,0.0,0.0,3.210000038146973,6.538200756396403e-05,-6.2610673608852784e-06,0.7072096285357437,0.7070039158253139
1778142496,362122539,0.0,0.0,3.2200000286102304,6.208263312346889e-05,-1.249804231102552e-05,0.7072334603613614,0.7069800764765867
1778142496,633884081,0.0,0.0,3.2200000286102304,-1.3352348162512851e-05,7.78520339129169e-06,0.707250033163787,0.7069635000132097
1778142496,905179545,0.0,0.0,3.2200000286102304,-3.878586555461776e-05,2.23436224312904e-05,0.7072592435277973,0.7069542845480938
1778142497,165708765,0.0,0.0,3.2200000286102304,-4.490911491784806e-05,2.6335147860183445e-05,0.7072605418780682,0.7069529851354845
1778142497,433762399,0.0,0.0,3.2200000286102304,-3.120621473569156e-05,-1.027388299703373e-05,0.7072578544937075,0.7069556748322889
1778142497,698398973,0.0,0.0,3.2200000286102304,1.1454334362203671e-05,-2.531974099268753e-05,0.7072497260365324,0.7069638068875654
1778142497,985096802,0.0,0.0,3.2200000286102304,5.174404761672572e-05,-7.4584655859359534e-06,0.7072431563713893,0.7069703777618688
1778142498,256620598,0.0,0.0,3.2200000286102304,4.841196109856449e-05,2.073007716692955e-05,0.7072308503010067,0.7069826883376007
1778142498,522784964,0.0,0.0,3.2200000286102304,1.0360063664687138e-05,2.468787991060875e-07,0.7072212880532333,0.7069922556979911
1778142498,779132963,0.0,0.0,3.2200000286102304,-2.557500139194581e-05,3.2307305716333644e-05,0.7072086100217017,0.7070049364844139
1778142499,56520241,0.0,0.0,3.2200000286102304,-1.4243583080230971e-05,2.1916024572613013e-05,0.7071943877028422,0.7070191633318085
1778142499,319354602,0.0,0.0,3.2200000286102304,-9.96109896184988e-06,-2.9330985308710416e-06,0.7071829682034858,0.7070305858837231
1778142499,589117929,0.0,0.0,3.2200000286102304,-3.1978925429238264e-06,-1.1047545314012954e-05,0.7071703307691642,0.7070432257985051
1778142499,852126051,0.0,0.0,3.2200000286102304,6.271851567229598e-06,1.4539852506501857e-05,0.7071591445055493,0.7070544138122865
1778142500,122551303,0.0,0.0,3.2200000286102304,-2.780677279956003e-06,-3.0269332820534626e-06,0.7071511557022626,0.7070624038739862
1778142500,392562034,0.0,0.0,3.2200000286102304,-5.491468675963784e-06,-1.1698796192424555e-05,0.7071442244657478,0.7070693358064103
1778142500,675005293,0.0,0.0,3.2200000286102304,6.497189848150916e-08,-1.0989889843650471e-05,0.7071380889392572,0.7070754719621897
1778142500,941878028,0.0,0.0,3.2200000286102304,-7.225563960617193e-06,-1.0652603089523908e-05,0.7071378787185104,0.7070756821697368
1778142501,242705771,0.0,0.0,3.2200000286102304,-1.059010609583425e-05,-1.4536611382552889e-05,0.7071381359827567,0.7070754247711972
1778142501,560873190,0.0,0.0,3.210000038146973,1.2193972279467146e-05,-5.3265533464920336e-05,0.7071377852752841,0.7070757736268836
1778142501,828656231,0.0,-0.0038961595855653,3.1900000572204594,0.000573448139093,-0.0005601158780974,0.7071361031202893,0.7070770036504415
1778142502,111450221,0.0,-0.0038961595855653,3.1099998950958256,0.0005465344142983,-0.0004931636814597,0.7071355051258025,0.7070776728763211
1778142502,397636929,0.0,-0.0038961595855653,2.9900000095367427,-0.0002139125325061,0.0002595565175289,0.7071374024750444,0.7070760785747808
1778142502,665985649,0.0,-0.0038961595855653,2.8599998950958248,-0.0007286747417798,0.0007914550966731,0.7071382792806868,0.7070744632695342
1778142502,936578739,0.0,-0.0038961595855653,2.7300000190734868,-0.0007550484406475,0.0007371631078055,0.7071441733830656,0.707068599601754
1778142503,203019287,0.0,-0.0038961595855653,2.599999904632569,-0.0004519864363687,0.0004752133401965,0.7071479882044438,0.7070652676089743
1778142503,480325744,0.0,-0.0038961595855653,2.4700000286102295,-0.0002103432523913,0.0001413083615812,0.7071550558818988,0.7070584577871422
1778142503,767090809,0.0,-0.0038961595855653,2.3399999141693115,-6.039646235905572e-06,-4.736575771130981e-05,0.7071567436007724,0.707056813629541
1778142504,38098047,0.0,-0.0038961595855653,2.22000002861023,0.000116874748677,-0.000121806191495,0.7071630128841786,0.7070505248651724
1778142504,318957773,0.0,0.0,2.089999914169312,0.000369126222113,-0.0002787000804771,0.7071683241822863,0.7070450815508967
1778142504,583807273,0.0,0.0,1.9700000286102302,0.0004992498687086,-0.0004553995948803,0.7071785221943827,0.7070347099738077
1778142504,839905716,0.0,0.0038961595855653,1.840000033378601,0.0005845658963054,-0.0006328508621044,0.7071889164596616,0.707024111483554
1778142505,98112811,0.0,0.0038961595855653,1.720000028610229,0.000362432442292,-0.0004608562980182,0.707194269562404,0.7070190388895443
1778142505,363079963,0.0,0.0038961595855653,1.6000000238418572,9.717092628567584e-05,-0.0001436963477092,0.7071956396614694,0.7070178902637301
1778142505,628850433,0.0,0.0038961595855653,1.4700000286102295,-8.235663022481576e-05,7.721464599235386e-05,0.7071933674435753,0.7070201753126287
1778142505,893791622,0.0,0.0038961595855653,1.3500000238418575,-0.0001177961624627,0.0001333509725501,0.7071874915472501,0.7070260392239386
1778142506,168203630,0.0,0.0,1.2200000286102297,-0.0001943389084135,0.0002211637934794,0.7071815544658664,0.7070319387002302
1778142506,439958258,0.0,0.0,1.100000023841858,-0.0002140458826398,0.0002827191961983,0.7071698312926082,0.707043636534408
1778142506,710946850,0.0,0.0,0.9700000286102295,-0.0001232184136476,0.0001548197437153,0.7071627233216372,0.7070508069385079
1778142506,969265352,0.0,0.0,0.8500000238418579,-3.67484521361583e-05,7.995600350324224e-05,0.7071515522594463,0.707062001802985
1778142507,234560682,0.0,0.0,0.7200000286102293,1.990120430425584e-05,-3.7414317696510073e-06,0.7071408663090908,0.7070726941309302
1778142507,503860089,0.0,0.0,0.6000000238418578,2.3649713853867765e-05,-5.920474049037302e-05,0.7071305972684041,0.7070829614283742
1778142507,768882545,0.0,0.0,0.46999999880790705,1.4167095684459018e-05,-2.2676637202813315e-05,0.7071187529110242,0.7070948087538342
1778142508,37501058,0.0,0.0,0.3499999940395353,3.203745704233134e-05,-3.534857994783444e-05,0.7071087032450863,0.707104857513461
1778142508,321967973,0.0,0.0,0.219999998807907,6.21019822747962e-05,-8.145999956345595e-05,0.7070964549564676,0.7071170998467003
1778142508,584449946,0.0,0.0,0.219999998807907,0.0002825610937844,-0.0002841482118146,0.7070914075248281,0.7071220409685866
1778142508,853973217,0.0,0.0,0.219999998807907,1.206890293844876e-07,-2.535768661131997e-07,0.7070915170518193,0.7071220449917242
1778142509,124781336,0.0,0.0,0.219999998807907,3.7351504972724745e-08,-7.917800893147325e-08,0.7070915170518601,0.7071220449917335
1778142509,387421518,0.0,0.0,0.219999998807907,3.7351504972724745e-08,-7.917800893147325e-08,0.7070915170518601,0.7071220449917335
1778142509,681749304,0.0,0.0,0.219999998807907,3.7351504972724745e-08,-7.917800893147325e-08,0.7070915170518601,0.7071220449917335
1778142509,933339571,0.0,0.0,0.219999998807907,3.7351504972724745e-08,-7.917800893147325e-08,0.7070915170518601,0.7071220449917335
1778142510,199759753,0.0,0.0,0.219999998807907,3.7351504972724745e-08,-7.917800893147325e-08,0.7070915170518601,0.7071220449917335
1778142510,459953834,0.0,0.0,0.219999998807907,3.7351504972724745e-08,-7.917800893147325e-08,0.7070915170518601,0.7071220449917335
